# x l P_ref P_forward P_backward_exp abs_err_forward rel_err_forward abs_err_backward rel_err_backward
0.1 0 1.000000000000000e+00 1.000000000000000e+00 1.000000000000000e+00 0.000000000000000e+00 0.000000000000000e+00 0.000000000000000e+00 0.000000000000000e+00
0.1 1 1.000000000000000e-01 1.000000000000000e-01 2.584363728065084e+00 0.000000000000000e+00 0.000000000000000e+00 2.484363728065084e+00 2.484363728065084e+01
0.1 2 -4.850000000000000e-01 -4.850000000000000e-01 -1.123454407902373e-01 0.000000000000000e+00 0.000000000000000e+00 3.726545592097628e-01 7.683599158964181e-01
0.1 3 -1.475000000000000e-01 -1.475000000000000e-01 -1.741633392175096e+00 2.775557561562891e-17 1.881733940042638e-16 1.594133392175096e+00 1.080768401474641e+01
0.1 4 3.379375000000000e-01 3.379375000000000e-01 -2.205267630379638e-01 0.000000000000000e+00 0.000000000000000e+00 5.584642630379638e-01 1.652566711412506e+00
0.1 5 1.788287500000000e-01 1.788287500000000e-01 1.353611896393243e+00 0.000000000000000e+00 0.000000000000000e+00 1.174783146393243e+00 6.569319230790592e+00
0.1 6 -2.488293125000000e-01 -2.488293125000000e-01 4.319344835370645e-01 0.000000000000000e+00 0.000000000000000e+00 6.807637960370645e-01 2.735866563297540e+00
0.1 7 -1.994929437500000e-01 -1.994929437500000e-01 -1.080022364251611e+00 0.000000000000000e+00 0.000000000000000e+00 8.805294205016106e-01 4.413837421764000e+00
0.1 8 1.803207214843750e-01 1.803207214843750e-01 -5.804468663921085e-01 2.775557561562891e-17 1.539233837750254e-16 7.607675878764835e-01 4.218969298780256e+00
0.1 9 2.113876418359375e-01 2.113876418359375e-01 8.503799156829225e-01 0.000000000000000e+00 0.000000000000000e+00 6.389922738469850e-01 3.022845935066160e+00
0.1 10 -1.221249973871094e-01 -1.221249973871093e-01 6.839743637326530e-01 2.775557561562891e-17 2.272718625135348e-16 8.060993611197623e-01 6.600609034730251e+00
0.1 11 -2.154853557156641e-01 -2.154853557156641e-01 -6.424957266355138e-01 0.000000000000000e+00 0.000000000000000e+00 4.270103709198497e-01 1.981621300907779e+00
0.1 12 7.064655442601463e-02 7.064655442601460e-02 -7.501215143600720e-01 2.775557561562891e-17 3.928793957629772e-16 8.207680687860867e-01 1.161794903452291e+01
0.1 13 2.124954349733081e-01 2.124954349733081e-01 4.488188410558451e-01 0.000000000000000e+00 0.000000000000000e+00 2.363234060825370e-01 1.112134037666371e+00
0.1 14 -2.461910950787559e-02 -2.461910950787556e-02 7.830993255379799e-01 2.775557561562891e-17 1.127399657032679e-15 8.077184350458555e-01 3.280859670360816e+01
0.1 15 -2.030887671466102e-01 -2.030887671466102e-01 -2.674983820481126e-01 2.775557561562891e-17 1.366672121043116e-16 6.440961490150243e-02 3.171500610617475e-01
0.1 16 -1.626803347102236e-02 -1.626803347102238e-02 -7.859834292136779e-01 2.428612866367530e-17 1.492874274382044e-15 7.697153957426556e-01 4.731459380838631e+01
0.1 17 1.879844566994935e-01 1.879844566994935e-01 9.918992919792147e-02 0.000000000000000e+00 0.000000000000000e+00 8.879452750157202e-02 4.723503690707598e-01
0.1 18 5.191678708086707e-02 5.191678708086710e-02 7.616046138236251e-01 2.775557561562891e-17 5.346165888963051e-16 7.096878267427580e-01 1.366971776657381e+01
0.1 19 -1.679804267574566e-01 -1.679804267574566e-01 5.434307082025403e-02 0.000000000000000e+00 0.000000000000000e+00 2.223234975777106e-01 1.323508350759930e+00
0.1 20 -8.207713094452775e-02 -8.207713094452777e-02 -7.129274843224943e-01 2.775557561562891e-17 3.381645446937913e-16 6.308503533779666e-01 7.686067313979701e+00
0.1 21 1.439567761084080e-01 1.439567761084080e-01 -1.909459096251099e-01 0.000000000000000e+00 0.000000000000000e+00 3.349026857335179e-01 2.326411404776920e+00
0.1 22 1.064833585046017e-01 1.064833585046017e-01 6.432004436083822e-01 0.000000000000000e+00 0.000000000000000e+00 5.367170851037806e-01 5.040384644522518e+00
0.1 23 -1.168640852658377e-01 -1.168640852658377e-01 3.084874786082669e-01 0.000000000000000e+00 0.000000000000000e+00 4.253515638741047e-01 3.639711575258832e+00
0.1 24 -1.249324352648032e-01 -1.249324352648032e-01 -5.559882938972474e-01 1.387778780781446e-17 1.110823444560214e-16 4.310558586324442e-01 3.450311824297595e+00
0.1 25 8.770276454330279e-02 8.770276454330279e-02 -4.051216850677968e-01 0.000000000000000e+00 0.000000000000000e+00 4.928244496110996e-01 5.619257866925848e+00
0.1 26 1.373305761842663e-01 1.373305761842663e-01 4.551379520609778e-01 0.000000000000000e+00 0.000000000000000e+00 3.178073758767115e-01 2.314177837936735e+00
0.1 27 -5.749703053145412e-02 -5.749703053145413e-02 4.794590725068851e-01 6.938893903907228e-18 1.206826481258239e-16 5.369561030383392e-01 9.338849294914350e+00
0.1 28 -1.437199723177924e-01 -1.437199723177924e-01 -3.447035645306619e-01 0.000000000000000e+00 0.000000000000000e+00 2.009835922128695e-01 1.398438845844308e+00
0.1 29 2.726596595411375e-02 2.726596595411376e-02 -5.306780809661226e-01 1.040834085586084e-17 3.817338022565266e-16 5.579440469202364e-01 2.046302147736881e+01
0.1 30 1.442916132115084e-01 1.442916132115084e-01 2.288467564563024e-01 0.000000000000000e+00 0.000000000000000e+00 8.455514324479405e-02 5.860017873724218e-01
0.1 31 2.006447160218991e-03 2.006447160218977e-03 5.585905691408748e-01 1.387778780781446e-17 6.916597697145329e-15 5.565841219806558e-01 2.773978468089377e+02
0.1 32 -1.393874810139806e-01 -1.393874810139806e-01 -1.117227770174332e-01 0.000000000000000e+00 0.000000000000000e+00 2.766470399654739e-02 1.984733764847404e-01
0.1 33 -2.940075562781460e-02 -2.940075562781458e-02 -5.636695837309487e-01 1.734723475976807e-17 5.900268339823454e-16 5.342688281031340e-01 1.817194207068912e+01
0.1 34 1.294941709045589e-01 1.294941709045589e-01 -2.639252041825305e-03 0.000000000000000e+00 0.000000000000000e+00 1.321334229463842e-01 1.020381242054289e+00
0.1 35 5.408958487391865e-02 5.408958487391863e-02 5.470444287932476e-01 2.081668171172169e-17 3.848556382942262e-16 4.929548439193289e-01 9.113674010780324e+00
0.1 36 -1.152294424737427e-01 -1.152294424737428e-01 1.104552573859984e-01 1.387778780781446e-17 1.204361273463315e-16 2.256846998597412e-01 1.958568010178195e+00
0.1 37 -7.536216177079441e-02 -7.536216177079440e-02 -5.104669204767330e-01 1.387778780781446e-17 1.841479527885917e-16 4.351047587059386e-01 5.773517485197162e+00
0.1 38 9.732297784861904e-02 9.732297784861905e-02 -2.082985901804589e-01 1.387778780781446e-17 1.425951827059860e-16 3.056215680290780e-01 3.140281717483582e+00
0.1 39 9.264484812114242e-02 9.264484812114240e-02 4.562524059929826e-01 1.387778780781446e-17 1.497955697403471e-16 3.636075578718401e-01 3.924746656137715e+00
0.1 40 -7.659254589847793e-02 -7.659254589847794e-02 2.932009756095615e-01 1.387778780781446e-17 1.811897965398515e-16 3.697935215080395e-01 4.828061493062187e+00
0.1 41 -1.055169157713017e-01 -1.055169157713016e-01 -3.871992277385818e-01 2.775557561562891e-17 2.630438485880937e-16 2.816823119672801e-01 2.669546488430357e+00
0.1 42 5.391676145085218e-02 5.391676145085219e-02 -3.627379426243393e-01 1.387778780781446e-17 2.573928298802730e-16 4.166547040751915e-01 7.727739813434327e+00
0.1 43 1.137209984820212e-01 1.137209984820212e-01 3.064905826212453e-01 1.387778780781446e-17 1.220336436811049e-16 1.927695841392241e-01 1.695109845256064e+00
0.1 44 -3.020563762711497e-02 -3.020563762711499e-02 4.150954454920779e-01 2.081668171172169e-17 6.891654454940221e-16 4.453010831191929e-01 1.474231693488422e+01
0.1 45 -1.171678690686724e-01 -1.171678690686724e-01 -2.175830260101179e-01 1.387778780781446e-17 1.184436306482680e-16 1.004151569414455e-01 8.570195714884247e-01
0.1 46 6.370132275983799e-03 6.370132275983820e-03 -4.491152300833821e-01 2.081668171172169e-17 3.267857056941062e-15 4.554853623593659e-01 7.150328166286329e+01
0.1 47 1.159354086665017e-01 1.159354086665017e-01 1.240861182274461e-01 1.387778780781446e-17 1.197027548998005e-16 8.150709560944408e-03 7.030388433261692e-02
0.1 48 1.670812844501099e-02 1.670812844501097e-02 4.643173736891604e-01 2.428612866367530e-17 1.453551709493057e-15 4.476092452441494e-01 2.678990927782845e+01
0.1 49 -1.102618524505199e-01 -1.102618524505199e-01 -2.963786020678687e-02 1.387778780781446e-17 1.258620955424464e-16 8.062399224373303e-02 7.312047680308392e-01
0.1 50 -3.820581266131371e-02 -3.820581266131368e-02 -4.608993225363210e-01 2.775557561562891e-17 7.264752057933201e-16 4.226935098750073e-01 1.106359164826813e+01


0.5 0 1.000000000000000e+00 1.000000000000000e+00 1.000000000000000e+00 0.000000000000000e+00 0.000000000000000e+00 0.000000000000000e+00 0.000000000000000e+00
0.5 1 5.000000000000000e-01 5.000000000000000e-01 -7.378883785870424e+00 0.000000000000000e+00 0.000000000000000e+00 7.878883785870424e+00 1.575776757174085e+01
0.5 2 -1.250000000000000e-01 -1.250000000000000e-01 -6.034162839402818e+00 0.000000000000000e+00 0.000000000000000e+00 5.909162839402818e+00 4.727330271522254e+01
0.5 3 -4.375000000000000e-01 -4.375000000000000e-01 -1.092131755887315e-01 0.000000000000000e+00 0.000000000000000e+00 3.282868244112685e-01 7.503698843686137e-01
0.5 4 -2.890625000000000e-01 -2.890625000000000e-01 4.430060600911974e+00 0.000000000000000e+00 0.000000000000000e+00 4.719123100911974e+00 1.632561505180358e+01
0.5 5 8.984375000000000e-02 8.984375000000000e-02 4.074425081291762e+00 0.000000000000000e+00 0.000000000000000e+00 3.984581331291762e+00 4.435012264394309e+01
0.5 6 3.232421875000000e-01 3.232421875000000e-01 4.317249042413656e-02 0.000000000000000e+00 0.000000000000000e+00 2.800696970758634e-01 8.664391837029732e-01
0.5 7 2.231445312500000e-01 2.231445312500000e-01 -3.452275614284812e+00 0.000000000000000e+00 0.000000000000000e+00 3.675420145534812e+00 1.647102944869868e+01
0.5 8 -7.363891601562500e-02 -7.363891601562500e-02 -3.274284317513130e+00 0.000000000000000e+00 0.000000000000000e+00 3.200645401497505e+00 4.346404828689194e+01
0.5 9 -2.678985595703125e-01 -2.678985595703125e-01 -2.369019828701270e-02 0.000000000000000e+00 0.000000000000000e+00 2.442083612832998e-01 9.115702662791101e-01
0.5 10 -1.882286071777344e-01 -1.882286071777344e-01 2.924350197389155e+00 0.000000000000000e+00 0.000000000000000e+00 3.112578804566890e+00 1.653616233598246e+01
0.5 11 6.387138366699219e-02 6.387138366699219e-02 2.812961732314205e+00 0.000000000000000e+00 0.000000000000000e+00 2.749090348647213e+00 4.304103325802700e+01
0.5 12 2.337529659271240e-01 2.337529659271240e-01 1.510064586105402e-02 0.000000000000000e+00 0.000000000000000e+00 2.186523200660700e-01 9.353991261622671e-01
0.5 13 1.658042669296265e-01 1.658042669296265e-01 -2.582060208808253e+00 0.000000000000000e+00 0.000000000000000e+00 2.747864475737879e+00 1.657294185863248e+01
0.5 14 -5.717363953590393e-02 -5.717363953590393e-02 -2.503865801078937e+00 0.000000000000000e+00 0.000000000000000e+00 2.446692161543033e+00 4.279406001443302e+01
0.5 15 -2.100185006856918e-01 -2.100185006856918e-01 -1.048074615526984e-02 0.000000000000000e+00 0.000000000000000e+00 1.995377545304220e-01 9.500960814354396e-01
0.5 16 -1.498551354743540e-01 -1.498551354743540e-01 2.337220965673586e+00 0.000000000000000e+00 0.000000000000000e+00 2.487076101147940e+00 1.659653566943372e+01
0.5 17 5.221683974377811e-02 5.221683974377811e-02 2.278343404241087e+00 0.000000000000000e+00 0.000000000000000e+00 2.226126564497309e+00 4.263234955276211e+01
0.5 18 1.922962221433409e-01 1.922962221433409e-01 7.680730987114669e-03 0.000000000000000e+00 0.000000000000000e+00 1.846154911562262e-01 9.600578165212766e-01
0.5 19 1.377672102244105e-01 1.377672102244105e-01 -2.150951987004103e+00 0.000000000000000e+00 0.000000000000000e+00 2.288719197228513e+00 1.661294580546701e+01
0.5 20 -4.835838106737356e-02 -4.835838106737356e-02 -2.104474881766759e+00 0.000000000000000e+00 0.000000000000000e+00 2.056116500699385e+00 4.251830717481580e+01
0.5 21 -1.784138579223509e-01 -1.784138579223509e-01 -5.842635054119289e-03 0.000000000000000e+00 0.000000000000000e+00 1.725712228682316e-01 9.672523473111483e-01
0.5 22 -1.281987246779863e-01 -1.281987246779863e-01 2.003107084701744e+00 0.000000000000000e+00 0.000000000000000e+00 2.131305809379731e+00 1.662501569132776e+01
0.5 23 4.524493778421856e-02 4.524493778421856e-02 1.965149885955646e+00 0.000000000000000e+00 0.000000000000000e+00 1.919904948171428e+00 4.243358577102720e+01
0.5 24 1.671594460634509e-01 1.671594460634509e-01 4.564973825731995e-03 0.000000000000000e+00 0.000000000000000e+00 1.625944722377189e-01 9.726909012129701e-01
0.5 25 1.203811168693321e-01 1.203811168693321e-01 -1.882070216168203e+00 0.000000000000000e+00 0.000000000000000e+00 2.002451333037535e+00 1.663426445204940e+01
0.5 26 -4.266414120839634e-02 -4.266414120839634e-02 -1.850265956074326e+00 0.000000000000000e+00 0.000000000000000e+00 1.807601814865930e+00 4.236817532636030e+01
0.5 27 -1.577966215046347e-01 -1.577966215046347e-01 -3.637859836902267e-03 0.000000000000000e+00 0.000000000000000e+00 1.541587616677324e-01 9.769458952782749e-01
0.5 28 -1.138384028125269e-01 -1.138384028125269e-01 1.780612131017571e+00 1.387778780781446e-17 1.219077873981497e-16 1.894450533830098e+00 1.664157689343153e+01
0.5 29 4.047968696457777e-02 4.047968696457775e-02 1.753424338256346e+00 1.387778780781446e-17 3.428333776384778e-16 1.712944651291768e+00 4.231615360046388e+01
0.5 30 1.498488149006108e-01 1.498488149006108e-01 2.942205968421666e-03 0.000000000000000e+00 0.000000000000000e+00 1.469066089321892e-01 9.803655039222492e-01
0.5 31 1.082580079203644e-01 1.082580079203644e-01 -1.693967511795275e+00 4.163336342344337e-17 3.845753697414169e-16 1.802225519715639e+00 1.664750307470440e+01
0.5 32 -3.859956288835800e-02 -3.859956288835799e-02 -1.670349531455382e+00 1.387778780781446e-17 3.595322529416552e-16 1.631749968567024e+00 4.227379396203411e+01
0.5 33 -1.429921832522211e-01 -1.429921832522211e-01 -2.406042268215936e-03 2.775557561562891e-17 1.941055446833161e-16 1.405861409840051e-01 9.831736098191327e-01
0.5 34 -1.034250754009880e-01 -1.034250754009880e-01 1.618850944765952e+00 4.163336342344337e-17 4.025461258986489e-16 1.722276020166940e+00 1.665240284804750e+01
0.5 35 3.695911797832659e-02 3.695911797832657e-02 1.598061800901277e+00 2.775557561562891e-17 7.509804652780193e-16 1.561102682922951e+00 4.223863469464844e+01
0.5 36 1.369979535351437e-01 1.369979535351437e-01 1.983635144083371e-03 2.775557561562891e-17 2.025984688049289e-16 1.350143183910603e-01 9.855206950695471e-01
0.5 37 9.918640694089159e-02 9.918640694089162e-02 -1.552914112153701e+00 2.775557561562891e-17 2.798324535757139e-16 1.652100519094593e+00 1.665652149370763e+01
0.5 38 -3.551142159254956e-02 -3.551142159254954e-02 -1.534412465949865e+00 2.081668171172169e-17 5.861968003018248e-16 1.498901044357316e+00 4.220898452208940e+01
0.5 39 -1.316993126940266e-01 -1.316993126940267e-01 -1.644709672542764e-03 2.775557561562891e-17 2.107495859155520e-16 1.300546030214839e-01 9.875116305552492e-01
0.5 40 -9.542943523261548e-02 -9.542943523261553e-02 1.494428003499483e+00 5.551115123125783e-17 5.816984151267979e-16 1.589857438732098e+00 1.666003193728137e+01
0.5 41 3.422147270341801e-02 3.422147270341799e-02 1.477807866551970e+00 2.775557561562891e-17 8.110573106006835e-16 1.443586393848552e+00 4.218364318682192e+01
0.5 42 1.269713800411686e-01 1.269713800411686e-01 1.368531391141767e-03 2.775557561562891e-17 2.185971012257217e-16 1.256028486500269e-01 9.892217333489008e-01
0.5 43 9.206934414432813e-02 9.206934414432817e-02 -1.442087623513005e+00 4.163336342344337e-17 4.521957206318186e-16 1.534156967657333e+00 1.666305958748207e+01
0.5 44 -3.306256526118129e-02 -3.306256526118128e-02 -1.427037692559882e+00 6.938893903907228e-18 2.098716130794054e-16 1.393975127298700e+00 4.216173537312801e+01
0.5 45 -1.227185621438446e-01 -1.227185621438446e-01 -1.140486318723053e-03 1.387778780781446e-17 1.130862973406387e-16 1.215780758251215e-01 9.907064889060040e-01
0.5 46 -8.904085088677760e-02 -8.904085088677763e-02 1.394887044297669e+00 2.775557561562891e-17 3.117173223212152e-16 1.483927895184447e+00 1.666569760290562e+01
0.5 47 3.201392111450407e-02 3.201392111450406e-02 1.381164041074529e+00 1.387778780781446e-17 4.334922847525557e-16 1.349150119960025e+00 4.214260774662763e+01
0.5 48 1.188662759295311e-01 1.188662759295311e-01 9.500181052018715e-04 2.775557561562891e-17 2.335025254100128e-16 1.179162578243292e-01 9.920076733474422e-01
0.5 49 8.629277896094001e-02 8.629277896094005e-02 -1.352036695785206e+00 4.163336342344337e-17 4.824663653755838e-16 1.438329474746146e+00 1.666801662972517e+01
0.5 50 -3.105909923960982e-02 -3.105909923960981e-02 -1.339447346570452e+00 1.040834085586084e-17 3.351140603133472e-16 1.308388247330842e+00 4.212576279940046e+01


0.9 0 1.000000000000000e+00 1.000000000000000e+00 1.000000000000000e+00 0.000000000000000e+00 0.000000000000000e+00 0.000000000000000e+00 0.000000000000000e+00
0.9 1 9.000000000000000e-01 9.000000000000000e-01 8.116514836583086e-01 0.000000000000000e+00 0.000000000000000e+00 8.834851634169139e-02 9.816501815743486e-02
0.9 2 7.150000000000001e-01 7.150000000000001e-01 5.957295029387168e-01 0.000000000000000e+00 0.000000000000000e+00 1.192704970612832e-01 1.668118840017947e-01
0.9 3 4.725000000000001e-01 4.725000000000001e-01 3.524932653025361e-01 0.000000000000000e+00 0.000000000000000e+00 1.200067346974640e-01 2.539825072962200e-01
0.9 4 2.079375000000001e-01 2.079375000000000e-01 1.083797656474567e-01 1.387778780781446e-16 6.674018783439470e-16 9.955773435254341e-02 4.787868198499229e-01
0.9 5 -4.114124999999986e-02 -4.114125000000009e-02 -1.064193918931490e-01 2.289834988289385e-16 5.565788565708123e-15 6.527814189314912e-02 1.586683484170980e+00
0.9 6 -2.411643124999999e-01 -2.411643125000001e-01 -2.659084679965764e-01 2.498001805406602e-16 1.035809062921200e-15 2.474415549657655e-02 1.026028902869970e-01
0.9 7 -3.678249937499999e-01 -3.678249937500002e-01 -3.532303891715786e-01 2.220446049250313e-16 6.036691597851250e-16 1.459460457842132e-02 3.967812091731008e-02
0.9 8 -4.096859035156250e-01 -4.096859035156252e-01 -3.634063722300346e-01 1.665334536937735e-16 4.064905632942337e-16 4.627953128559037e-02 1.129634456261571e-01
0.9 9 -3.695104859765626e-01 -3.695104859765627e-01 -3.038082646385445e-01 5.551115123125783e-17 1.502288929218068e-16 6.570222133801806e-02 1.778088141785114e-01
0.9 10 -2.631456178558595e-01 -2.631456178558596e-01 -1.924463975248801e-01 5.551115123125783e-17 2.109522160527278e-16 7.069922033097942e-02 2.686695712702523e-01
0.9 11 -1.162133925191018e-01 -1.162133925191019e-01 -5.446856971225354e-02 1.110223024625157e-16 9.553313955985506e-16 6.174482280684822e-02 5.313055704547938e-01
0.9 12 4.074871427242068e-02 4.074871427242058e-02 8.245091497750276e-02 9.714451465470120e-17 2.383989688736020e-15 4.170220070508208e-02 1.023399178346757e+00
0.9 13 1.778005216429759e-01 1.778005216429758e-01 1.929821864262196e-01 5.551115123125783e-17 3.122102832899694e-16 1.518166478324370e-02 8.538594062017739e-02
0.9 14 2.707728135987747e-01 2.707728135987747e-01 2.584003739606858e-01 0.000000000000000e+00 0.000000000000000e+00 1.237243963808893e-02 4.569306450544235e-02
0.9 15 3.051975421284238e-01 3.051975421284239e-01 2.694999433604550e-01 1.110223024625157e-16 3.637719415702198e-16 3.569759876796880e-02 1.169655512918503e-01
0.9 16 2.783387013375877e-01 2.783387013375879e-01 2.276901756466505e-01 1.665334536937735e-16 5.983122465308575e-16 5.064852569093720e-02 1.819672415209960e-01
0.9 17 1.990293385689162e-01 1.990293385689164e-01 1.441411248787201e-01 1.942890293094024e-16 9.761828618152576e-16 5.488821369019611e-02 2.757795111256446e-01
0.9 18 8.542590234343714e-02 8.542590234343732e-02 3.720624709370127e-02 1.804112415015879e-16 2.111903258291401e-15 4.821965524973587e-02 5.644617607418267e-01
0.9 19 -3.883397611600181e-02 -3.883397611600165e-02 -7.134590629456361e-02 1.595945597898663e-16 4.109663128831770e-15 3.251193017856180e-02 8.372032284678939e-01
0.9 20 -1.493082353098485e-01 -1.493082353098484e-01 -1.605580002859754e-01 1.110223024625157e-16 7.435778892712729e-16 1.124976497612690e-02 7.534591077833773e-02
0.9 21 -2.253711600292082e-01 -2.253711600292081e-01 -2.141748611743437e-01 8.326672684688674e-17 3.694648722405091e-16 1.119629885486451e-02 4.967937713686818e-02
0.9 22 -2.539268614374336e-01 -2.539268614374336e-01 -2.234931418837100e-01 5.551115123125783e-17 2.186107878348093e-16 3.043371955372368e-02 1.198523046417537e-01
0.9 23 -2.315596681553688e-01 -2.315596681553687e-01 -1.886793608893345e-01 2.775557561562891e-17 1.198636007588586e-16 4.288030726603428e-02 1.851803796732989e-01
0.9 24 -1.647773395796303e-01 -1.647773395796303e-01 -1.183664459288966e-01 0.000000000000000e+00 0.000000000000000e+00 4.641089365073361e-02 2.816582290327919e-01
0.9 25 -6.836994558931374e-02 -6.836994558931381e-02 -2.766622416481258e-02 6.938893903907228e-17 1.014904113802861e-15 4.070372142450116e-02 5.953452364727810e-01
0.9 26 3.774049949774060e-02 3.774049949774049e-02 6.497236380990457e-02 1.040834085586084e-16 2.757870455976333e-15 2.723186431216397e-02 7.215554821629813e-01
0.9 27 1.325126078283105e-01 1.325126078283104e-01 1.414260585932435e-01 1.110223024625157e-16 8.378244476658501e-16 8.913450764933023e-03 6.726492603995617e-02
0.9 28 1.978707357522276e-01 1.978707357522276e-01 1.873691456249333e-01 8.326672684688674e-17 4.208137526266277e-16 1.050159012729435e-02 5.307298265896360e-02
0.9 29 2.220833008585029e-01 2.220833008585029e-01 1.949002596533883e-01 2.775557561562891e-17 1.249782199216904e-16 2.718304120511464e-02 1.224002034373305e-01
0.9 30 2.018123979590634e-01 2.018123979590634e-01 1.638499521490618e-01 0.000000000000000e+00 0.000000000000000e+00 3.796244581000166e-02 1.881075998992993e-01
0.9 31 1.424839232966934e-01 1.424839232966934e-01 1.015598252703820e-01 2.775557561562891e-17 1.947979461362364e-16 4.092409802631143e-02 2.872190565745121e-01
0.9 32 5.695794106848593e-02 5.695794106848601e-02 2.122167425655448e-02 7.632783294297951e-17 1.340073596607071e-15 3.573626681193146e-02 6.274150038001260e-01
0.9 33 -3.719533312084127e-02 -3.719533312084117e-02 -6.086201408011473e-02 1.040834085586084e-16 2.798292146502875e-15 2.366668095927345e-02 6.362809248779803e-01
0.9 34 -1.212497247778460e-01 -1.212497247778459e-01 -1.285380793969770e-01 1.110223024625157e-16 9.156499337704142e-16 7.288354619130938e-03 6.011027763143113e-02
0.9 35 -1.789990452170181e-01 -1.789990452170180e-01 -1.689401786236677e-01 1.110223024625157e-16 6.202396349539877e-16 1.005886659335045e-02 5.619508518134887e-02
0.9 36 -1.998416283928569e-01 -1.998416283928568e-01 -1.749012398655047e-01 1.110223024625157e-16 5.555514301768171e-16 2.494038852735214e-02 1.248007671270738e-01
0.9 37 -1.806926853404877e-01 -1.806926853404876e-01 -1.461936494246385e-01 8.326672684688674e-17 4.608195771178193e-16 3.449903591584919e-02 1.909265770821936e-01
0.9 38 -1.263846318407162e-01 -1.263846318407162e-01 -8.938751213524804e-02 2.775557561562891e-17 2.196119513218153e-16 3.699711970546818e-02 2.927343235219929e-01
0.9 39 -4.851622932366925e-02 -4.851622932366925e-02 -1.638963879067757e-02 0.000000000000000e+00 0.000000000000000e+00 3.212659053299168e-02 6.621823455954010e-01
0.9 40 3.698741842187622e-02 3.698741842187619e-02 5.802024138143746e-02 2.081668171172169e-17 5.628043967353410e-16 2.103282295956124e-02 5.686480391700269e-01
0.9 41 1.130983408756475e-01 1.130983408756474e-01 1.191527109349730e-01 2.775557561562891e-17 2.454109883552261e-16 6.054370059325562e-03 5.353190871281118e-02
0.9 42 1.650467120979510e-01 1.650467120979509e-01 1.552828002429416e-01 2.775557561562891e-17 1.681680008212263e-16 9.763911855009327e-03 5.915847538492434e-02
0.9 43 1.831614688073502e-01 1.831614688073501e-01 1.598772176585155e-01 5.551115123125783e-17 3.030722105075748e-16 2.328425114883462e-02 1.271241779204395e-01
0.9 44 1.646485088046278e-01 1.646485088046278e-01 1.327551302776199e-01 8.326672684688674e-17 5.057241480740719e-16 3.189337852700794e-02 1.937058450061802e-01
0.9 45 1.139831317272730e-01 1.139831317272729e-01 7.997974129472603e-02 6.938893903907228e-17 6.087649811649231e-16 3.400339043254695e-02 2.983194962032342e-01
0.9 46 4.187033896207400e-02 4.187033896207397e-02 1.252956412054710e-02 3.469446951953614e-17 8.286168772352730e-16 2.934077484152691e-02 7.007532197936986e-01
0.9 47 -3.699312102827580e-02 -3.699312102827580e-02 -5.596475707803415e-02 0.000000000000000e+00 0.000000000000000e+00 1.897163604975834e-02 5.128422669516669e-01
0.9 48 -1.068920370653137e-01 -1.068920370653137e-01 -1.119557550799507e-01 4.163336342344337e-17 3.894898494450464e-16 5.063718014636953e-03 4.737226601400527e-02
0.9 49 -1.542041842131562e-01 -1.542041842131561e-01 -1.446414097700828e-01 8.326672684688674e-17 5.399770912298158e-16 9.562774443073352e-03 6.201371572288043e-02
0.9 50 -1.700376599438368e-01 -1.700376599438367e-01 -1.480343522319359e-01 8.326672684688674e-17 4.896957937105794e-16 2.200330771190090e-02 1.294025554054823e-01


0.99 0 1.000000000000000e+00 1.000000000000000e+00 1.000000000000000e+00 0.000000000000000e+00 0.000000000000000e+00 0.000000000000000e+00 0.000000000000000e+00
0.99 1 9.900000000000000e-01 9.900000000000000e-01 8.742910652198176e-01 0.000000000000000e+00 0.000000000000000e+00 1.157089347801824e-01 1.168777118991741e-01
0.99 2 9.701500000000000e-01 9.701499999999998e-01 7.983222318514291e-01 1.110223024625157e-16 1.144382852780659e-16 1.718277681485708e-01 1.771146401572652e-01
0.99 3 9.407475000000000e-01 9.407474999999997e-01 7.343709724083131e-01 2.220446049250313e-16 2.360299707679599e-16 2.063765275916869e-01 2.193750475995811e-01
0.99 4 9.022325437499999e-01 9.022325437499995e-01 6.735560358088305e-01 4.440892098500626e-16 4.922114735567725e-16 2.286765079411694e-01 2.534562841090928e-01
0.99 5 8.551803929624999e-01 8.551803929624995e-01 6.127800778846856e-01 4.440892098500626e-16 5.192930211036026e-16 2.424003150778143e-01 2.834493366225291e-01
0.99 6 8.002919601019374e-01 8.002919601019370e-01 5.508991448533457e-01 3.330669073875470e-16 4.161817486522325e-16 2.493928152485917e-01 3.116272906413120e-01
0.99 7 7.383821669624192e-01 7.383821669624189e-01 4.876273609934921e-01 3.330669073875470e-16 4.510765864751698e-16 2.507548059689271e-01 3.396003007500715e-01
0.99 8 6.703664323347954e-01 6.703664323347952e-01 4.231215370974923e-01 2.220446049250313e-16 3.312287045037145e-16 2.472448952373031e-01 3.688205186172324e-01
0.99 9 5.972455244994725e-01 5.972455244994723e-01 3.577907312669844e-01 2.220446049250313e-16 3.717811114802710e-16 2.394547932324882e-01 4.009319172934207e-01
0.99 10 5.200890424821920e-01 5.200890424821917e-01 2.921949821254544e-01 3.330669073875470e-16 6.404036235755751e-16 2.278940603567376e-01 4.381827759129165e-01
0.99 11 4.400178134736406e-01 4.400178134736402e-01 2.269842150653047e-01 3.885780586188048e-16 8.830961991089543e-16 2.130335984083358e-01 4.841476683104733e-01
0.99 12 3.581855121242236e-01 3.581855121242232e-01 1.628571478047492e-01 3.885780586188048e-16 1.084851412091845e-15 1.953283643194744e-01 5.453273728495525e-01
0.99 13 2.757598202608345e-01 2.757598202608340e-01 1.005310636449144e-01 4.440892098500626e-16 1.610420290490506e-15 1.752287566159200e-01 6.354397694710399e-01
0.99 14 1.939034527112284e-01 1.939034527112280e-01 4.071802926905872e-02 4.718447854656915e-16 2.433400637627575e-15 1.531854234421697e-01 7.900087455910432e-01
0.99 15 1.137553762458457e-01 1.137553762458453e-01 -1.589468471427506e-02 4.302114220422482e-16 3.781899688964892e-15 1.296500609601207e-01 1.139726887983947e+00
0.99 16 3.641254414478613e-02 3.641254414478573e-02 -6.866114455731141e-02 4.024558464266192e-16 1.105267033323313e-14 1.050736887020975e-01 2.885645350247874e+00
0.99 17 -3.708754133666872e-02 -3.708754133666908e-02 -1.169908610152331e-01 3.608224830031759e-16 9.728940501279012e-15 7.990331967856437e-02 2.154451786200327e+00
0.99 18 -1.057831420987186e-01 -1.057831420987189e-01 -1.603607709279740e-01 3.191891195797325e-16 3.017391176392357e-15 5.457762882925542e-02 5.159388135618306e-01
0.99 19 -1.688031974218961e-01 -1.688031974218964e-01 -1.983252389903944e-01 2.775557561562891e-16 1.644256509327745e-15 2.952204156849828e-02 1.748902984030138e-01
0.99 20 -2.253805876291878e-01 -2.253805876291881e-01 -2.305241414893811e-01 2.775557561562891e-16 1.231498058798851e-15 5.143553860193328e-03 2.282163656728001e-02
0.99 21 -2.748635287348005e-01 -2.748635287348007e-01 -2.566890534879090e-01 2.220446049250313e-16 8.078358229158478e-16 1.817447524689147e-02 6.612181445297149e-02
0.99 22 -3.167249126376142e-01 -3.167249126376144e-01 -2.766475470774220e-01 2.220446049250313e-16 7.010645391797366e-16 4.007736556019215e-02 1.265368272626135e-01
0.99 23 -3.505694446017435e-01 -3.505694446017437e-01 -2.903256106767457e-01 1.665334536937735e-16 4.750369898408004e-16 6.024383392499777e-02 1.718456495643436e-01
0.99 24 -3.761384694439167e-01 -3.761384694439168e-01 -2.977482117503447e-01 1.110223024625157e-16 2.951633812586388e-16 7.839025769357194e-02 2.084079775447168e-01
0.99 25 -3.933124192913021e-01 -3.933124192913022e-01 -2.990380438306929e-01 5.551115123125783e-17 1.411375499692629e-16 9.427437546060918e-02 2.396933603837869e-01
0.99 26 -4.021108582276895e-01 -4.021108582276896e-01 -2.944125207405027e-01 1.110223024625157e-16 2.760987428985339e-16 1.076983374871868e-01 2.678324528759783e-01
0.99 27 -4.026901418382597e-01 -4.026901418382599e-01 -2.841791045798577e-01 1.665334536937735e-16 4.135523480499345e-16 1.185110372584020e-01 2.942983325030140e-01
0.99 28 -3.953387518194866e-01 -3.953387518194869e-01 -2.687290780135601e-01 2.220446049250313e-16 5.616565639040056e-16 1.266096738059266e-01 3.202561682183311e-01
0.99 29 -3.804704066793916e-01 -3.804704066793919e-01 -2.485298946230751e-01 2.775557561562891e-16 7.295068191471068e-16 1.319405120563166e-01 3.467825873971270e-01
0.99 30 -3.586150883792718e-01 -3.586150883792721e-01 -2.241162627513524e-01 2.775557561562891e-16 7.739656393451739e-16 1.344988256279194e-01 3.750506601263617e-01
0.99 31 -3.304081608658863e-01 -3.304081608658866e-01 -1.960801377052232e-01 3.330669073875470e-16 1.008046854880016e-15 1.343280231606630e-01 4.065517716288709e-01
0.99 32 -2.965777891702469e-01 -2.965777891702472e-01 -1.650598138557140e-01 3.330669073875470e-16 1.123033887060079e-15 1.315179753145329e-01 4.434518703591678e-01
0.99 33 -2.579308965271826e-01 -2.579308965271829e-01 -1.317283216681227e-01 3.330669073875470e-16 1.291302871707136e-15 1.262025748590599e-01 4.892883193067170e-01
0.99 34 -2.153379212949963e-01 -2.153379212949966e-01 -9.678134467670636e-02 2.220446049250313e-16 1.031144926029296e-15 1.185565766182900e-01 5.505606068142388e-01
0.99 35 -1.697166549067712e-01 -1.697166549067713e-01 -6.092487766141826e-02 1.387778780781446e-16 8.177033547731546e-16 1.087917772453529e-01 6.410200419346849e-01
0.99 36 -1.220154563353354e-01 -1.220154563353355e-01 -2.486284964267687e-02 8.326672684688674e-17 6.824276968488695e-16 9.715260669265852e-02 7.962319661015220e-01
0.99 37 -7.319614737056557e-02 -7.319614737056560e-02 1.071506627391351e-02 2.775557561562891e-17 3.791944878616697e-16 8.391121364447908e-02 1.146388391449990e+00
0.99 38 -2.421689625939695e-02 -2.421689625939694e-02 4.514523967413480e-02 1.040834085586084e-17 4.297966487684014e-16 6.936213593353174e-02 2.864204198199717e+00
0.99 39 2.398460508276058e-02 2.398460508276061e-02 7.780125902437392e-02 3.816391647148976e-17 1.591183858971305e-15 5.381665394161334e-02 2.243799877292754e+00
0.99 40 7.050737294097964e-02 7.050737294097971e-02 1.081043030251257e-01 6.938893903907228e-17 9.841373482622368e-16 3.759693008414602e-02 5.332340224279479e-01
0.99 41 1.145024886055301e-01 1.145024886055302e-01 1.355325292343871e-01 1.110223024625157e-16 9.696060217957014e-16 2.103004062885698e-02 1.836644852436971e-01
0.99 42 1.551873142413391e-01 1.551873142413393e-01 1.596293215037961e-01 1.665334536937735e-16 1.073112544719921e-15 4.442007262456943e-03 2.862352044799853e-02
0.99 43 1.918583249296842e-01 1.918583249296845e-01 1.800102599232600e-01 2.775557561562891e-16 1.446670381689264e-15 1.184806500642424e-02 6.175423980568233e-02
0.99 44 2.239023412230937e-01 2.239023412230940e-01 1.963687014210717e-01 3.885780586188048e-16 1.735480104835662e-15 2.753363980202200e-02 1.229716476014327e-01
0.99 45 2.508059775169039e-01 2.508059775169044e-01 2.084798854574930e-01 4.440892098500626e-16 1.770648428106670e-15 4.232609205941096e-02 1.687603002067933e-01
0.99 46 2.721631556404057e-01 2.721631556404061e-01 2.162035068895069e-01 4.440892098500626e-16 1.631702163377373e-15 5.595964875089879e-02 2.056106698910973e-01
0.99 47 2.876805696603099e-01 2.876805696603104e-01 2.194847265589834e-01 4.440892098500626e-16 1.543688579226739e-15 6.819584310132651e-02 2.370540463746002e-01
0.99 48 2.971810262802725e-01 2.971810262802729e-01 2.183536189388660e-01 3.885780586188048e-16 1.307546660978064e-15 7.882740734140656e-02 2.652504714990254e-01
0.99 49 3.006046246938714e-01 3.006046246938717e-01 2.129230847320019e-01 2.775557561562891e-16 9.233249702626675e-16 8.768153996186945e-02 2.916839355055241e-01
0.99 50 2.980077795702595e-01 2.980077795702598e-01 2.033852841315816e-01 2.775557561562891e-16 9.313708405751583e-16 9.462249543867793e-02 3.175168634024513e-01


